 2       49
 2       13
 2       50
 2       11
 2      115
11        -
11        -
24        3
 1        -
25        -
10      100
26        9
 8      100
16       50
28      100
10      103
28      103
32      102
10      104
23        -
30      101
10      105
 8      103
34      105
10      107
 8      101
32      101
30      104
10      106
14       62
 2       41
 2       64
 2       41
 2       19
11        -
 2       87
 2        1
 2       64
28       88
 5        -
11        -
 2       87
 2        2
 2       64
 8      107
30      109
 5        -
12        6
30      102
10      110
 8      101
34      110
 2       35
 2      121
 2       37
11        -
 2       87
 2       64
 5        -
12        6
23        -
30      106
18       88
23        -
30      109
10      111
 2      115
 2       87
11        -
 2       41
 2       65
 8      107
 5        -
11        -
 2      121
 2        1
 2       64
 8      109
 5        -
11        -
 2      121
 2        2
 2       64
 8      111
 5        -
12        6
27        -
10      108
 8      103
34      108
10      109
19         
end
